1790
435
1017
1771
805
670
1269
254
244
377
722
564
1043
927
1641
65
1505
114
860
1390
126
144
1663
1658
1750
1218
299
1520
1975
490
1060
1239
270
414
1227
209
10
603
520
422
156
1822
903
270
629
1492
1544
373
1790
327
600
1806
1042
1471
723
313
695
1307
208
1997
1298
1273
1269
1474
734
165
913
1045
499
1238
106
93
453
194
1421
90
1611
1861
948
18
1783
921
1717
1933
904
336
1504
705
1173
1571
888
580
1040
1282
784
1739
1868
726
1368
87
1922
1459
1951
1216
222
1806
1081
1290
1587
760
81
1231
609
1266
202
1730
1447
1174
1414
761
1438
749
444
303
1024
726
1273
174
1381
190
1269
561
1348
538
898
1060
1509
1399
996
159
499
1280
218
844
1548
935
1457
852
1263
1358
1401
590
1440
1200
463
1751
1906
819
80
60
1173
711
1564
1187
1750
1433
468
12
543
1571
246
1808
1901
1548
1802
1171
1956
561
745
321
1094
146
973
1177
1736
1076
470
483
48
430
1001
1654
1670
86
1165
262
1463
1393
802
440
597
1567
406
1598
974
119
1830
517
904
1256
787
1525
1559
1181
670
1148
1992
381
1416
1282
1732
2
979
284
77
1501
1366
1508
443
1024
1225
1904
1909
881
572
1165
74
286
319
1999
1302
58
1186
741
55
1206
846
60
1982
665
167
1468
3
1906
1710
1368
1617
1703
1494
1250
762
1327
1842
780
1854
1044
610
1393
1100
226
1846
1399
222
1603
1115
94
1155
565
155
932
22
666
1792
809
462
1860
935
1360
403
1962
337
62
22
179
336
618
268
1906
563
426
1904
546
1367
1117
1321
1140
431
1716
134
1295
792
670
1535
1000
1097
1318
1509
215
1458
1551
1065
304
1782
1710
1640
674
1778
106
974
629
1857
1360
1490
1581
1859
1918
1905
1502
156
1579
989
1675
613
1434
432
1249
335
871
1304
142
1319
178
1508
356
545
1591
438
289
11
1329
1067
1232
339
1552
1451
855
1236
555
982
1887
171
400
1061
1930
100
492
562
782
372
1405
943
1604
1741
1054
887
66
325
624
1406
1691
1324
1227
575
1141
1643
1910
660
1706
691
129
316
1897
1336
396
1406
1205
1350
1336
453
990
217
603
722
1440
1075
166
1378
1880
280
1808
1247
1773
1084
49
1898
212
1327
1728
1442
1379
824
1440
1273
1727
1795
1473
1246
24
1341
1090
1700
298
710
1323
1292
156
186
954
1224
1380
271
977
649
1406
284
1834
1821
1746
1701
258
148
91
1553
1306
499
261
610
297
1102
752
352
57
1816
1902
814
840
80
851
593
1185
27
649
610
1013
1635
1688
702
70
1243
1314
82
1369
1023
1445
35
553
839
699
796
263
1742
1788
806
382
156
486
215
586
724
500
558
1695
1423
1159
1355
1951
1272
1977
1548
396
1739
491
649
1462
319
1566
189
1396
694
1829
802
1533
1884
835
139
1324
246
1635
1658
924
410
1793
710
855
641
950
1593
1291
966
1874
1180
389
1485
507
1248
272
265
200
1952
1752
1592
1046
421
175
782
216
521
1817
1193
515
860
1525
200
1239
1433
1219
1154
1873
1764
528
1918
1373
620
1552
1777
1165
751
887
1576
1041
1274
1047
1471
1647
1844
972
318
450
672
146
307
1965
827
1694
1406
648
1917
104
1217
841
1394
301
769
410
298
1878
1679
1184
1441
1284
552
882
113
420
634
767
1777
1371
558
1847
667
1194
703
834
1050
1576
1522
1406
646
1529
904
103
1654
1865
785
1197
1667
776
985
1860
883
1347
1963
100
652
837
1034
1205
1541
359
911
1782
139
1240
252
1908
503
270
1055
1551
1873
964
732
1091
1952
1372
564
1112
530
290
1774
1006
98
1383
619
207
1592
1013
198
932
1428
799
516
807
1692
1277
1773
85
940
840
118
1225
457
381
1214
1170
453
1600
592
547
125
1207
1865
530
1253
1897
684
650
1483
243
909
1879
657
1540
1132
826
1114
1857
1876
1061
76
921
803
1800
1237
234
72
974
1311
919
248
514
1914
1548
525
1828
639
401
476
468
930
190
480
867
761
1831
1253
1995
1725
1943
581
1948
961
352
553
73
1557
274
1127
253
1016
1248
702
1927
1460
1930
1644
1212
151
1258
962
1812
1851
641
1573
1662
1015
135
1635
796
1542
791
1627
1427
1204
492
877
1864
879
1857
1224
626
1668
310
1397
1578
1534
690
732
934
1365
1953
760
1594
1659
1965
1699
1733
361
897
783
523
1456
1898
161
156
1842
409
174
486
64
1267
104
1823
799
768
48
1967
1403
1783
1897
1905
151
655
20
293
709
1414
1033
965
368
1781
1188
1130
413
1803
951
212
1739
1904
1358
853
304
700
1281
1413
1536
1123
2000
1356
1592
233
1087
873
1509
1162
334
784
1928
1470
1161
1800
1903
1356
684
817
870
123
1527
1330
1763
1510
121
1454
899
120
890
625
1093
732
459
1725
69
892
316
1885
838
485
1382
829
491
1228
1083
1477
0
1515
1074
1177
265
1100
242
1485
51
1692
85
341
640
1222
1217
702
153
185
1093
1165
1202
1519
163
521
1722
169
822
180
586
671
1778
1678
1121
397
40
263
348
755
1184
1001
1633
931
60
900
152
80
1672
1961
1304
70
1226
968
1719
554
1516
355
1324
1392
1858
781
124
1470
1269
1713
1434
1943
360
102
721
1793
1594
806
1124
467
1254
1446
633
1980
960
600
36
530
220
222
1045
865
1853
201
1406
1287
385
251
948
1212
364
5
699
1527
851
1650
572
935
157
153
1083
591
1309
612
1975
361
380
2
1247
1277
1056
1999
277
290
1504
481
163
235
1025
529
1342
780
1961
1123
88
1708
185
1625
1764
128
1777
432
1854
454
206
483
775
1372
1953
1885
1911
11
413
1879
1490
1795
1641
694
1181
692
987
1658
167
799
1525
723
1602
420
694
1043
959
534
1516
312
292
1383
1350
1102
1635
39
1018
1317
1295
1270
1566
684
1294
1349
1905
270
578
1990
1771
242
213
1378
553
1187
1451
1123
962
100
48
1061
1826
776
1717
1172
1325
1972
0
966
827
1890
1231
1933
297
1991
1781
961
538
44
699
1873
1349
1140
781
751
1861
577
1037
963
1469
1079
1568
1057
1860
1506
733
670
1127
689
432
1845
1276
1160
1585
1938
26
1985
617
471
1563
498
357
142
160
517
348
381
1044
525
1556
447
982
547
1675
687
1064
380
1676
1063
418
1904
499
703
823
855
25
1633
66
1680
1080
1144
426
1031
1239
1147
487
95
580
429
1416
156
1278
1244
915
1507
1063
1623
363
1117
1451
391
1026
18
0
369
559
1297
271
55
1074
311
1834
1463
1570
1920
779
90
582
1345
549
731
405
1261
1978
422
352
176
137
1627
680
436
772
1275
1254
744
991
1539
1277
277
436
1717
3
882
1839
103
139
1893
773
1130
1126
1313
1733
980
1211
1795
1954
864
681
759
1193
114
490
1861
1130
687
797
1016
146
1051
932
1284
700
669
1482
110
848
476
1989
336
1818
1424
1701
165
305
111
1348
1524
1891
1573
771
1924
1549
296
1040
391
35
1121
1441
1429
1736
1287
1264
1471
796
1885
1145
17
1681
20
1971
786
491
1629
641
1489
480
1312
442
646
633
537
1626
487
91
810
890
71
1167
193
1430
1059
989
1464
840
1534
1095
1679
1344
115
768
32
1701
869
677
613
87
1027
1466
124
995
1336
1576
411
674
177
891
1837
246
1428
354
1410
1335
1831
1295
90
1804
685
1397
1294
1303
1554
1839
1596
1467
1396
626
5
1086
1082
1767
981
667
1176
621
1440
1090
211
1459
1768
1711
206
860
1776
886
70
1435
798
145
1492
1675
1773
300
157
1161
1554
1689
1908
1012
765
18
1054
156
1693
475
215
1398
1549
1606
76
501
1960
1903
1968
674
79
756
1363
507
335
1208
1992
362
1263
1047
772
749
1425
1186
1304
1490
828
1986
329
639
1165
1213
1500
797
735
631
1743
635
533
1413
614
1438
717
159
1945
461
1678
1658
1647
863
825
1564
122
1733
984
1797
1886
867
49
13
1839
496
585
857
1326
1247
1407
836
1377
432
1321
1682
711
452
773
1631
1626
1063
976
685
923
115
1363
814
1268
1989
556
216
1909
1707
1978
1125
982
594
548
88
1729
1983
1670
1112
1437
1548
1406
1022
1925
1719
997
12
739
1133
1529
1345
1090
1797
1493
922
650
1796
261
346
632
495
210
1974
344
1585
1326
1656
607
1060
1563
1801
1413
708
1600
1661
945
132
769
1945
1885
1838
720
748
575
896
1045
1277
946
474
1967
265
1819
656
1156
133
1716
1196
523
1010
1383
1558
1165
346
1251
191
492
808
1580
1473
1752
216
1999
1580
1379
4
1392
191
1090
714
1971
863
1115
1685
1901
1277
789
124
1998
1432
1684
114
759
613
1481
1500
791
255
278
556
445
623
1411
1295
1988
172
1953
1537
1217
460
1144
1161
1049
75
211
43
1741
70
870
704
253
1738
1245
637
296
1020
1734
423
167
1909
644
863
1218
64
1502
916
469
109
249
129
978
488
1811
787
457
908
243
1028
649
1113
1014
1117
1320
303
1538
844
1402
1418
1939
78
740
1836
867
1984
1761
1164
198
883
291
1491
102
1849
1896
1048
1640
1646
1596
680
1643
1041
468
1833
92
1036
175
757
1140
1928
644
862
303
517
1748
1630
417
1530
1742
614
418
662
1368
745
939
185
1125
134
758
1950
263
438
1393
298
224
282
918
1600
731
1552
1592
769
1967
1250
351
666
866
575
374
445
1365
734
899
46
877
1949
866
45
1644
559
632
1564
1369
1883
238
810
176
573
1883
479
1007
1939
803
1221
1440
1505
420
1702
508
1025
821
1250
1867
1858
982
975
1581
1127
228
1417
967
1413
1149
997
1094
394
833
365
241
957
1665
609
1331
1195
1034
1543
1163
48
1787
336
1459
1385
1276
1993
815
538
336
1722
1273
47
1855
1266
1886
792
24
592
1338
612
1028
1164
581
423
1727
851
911
861
593
1214
436
1896
520
774
178
391
515
1988
838
1138
792
453
36
353
508
1610
143
1449
1254
270
1354
761
938
30
1589
1708
1569
746
879
1003
116
676
1851
477
222
930
607
442
171
828
1225
1447
260
1281
1499
1877
1849
116
1783
1412
1275
859
497
660
547
71
1853
66
297
1040
1293
1956
1320
372
490
1556
895
1145
149
330
342
1278
1424
1801
271
889
1112
1016
1280
607
1042
1640
226
1389
1308
1255
303
126
1974
858
1218
490
1201
367
1039
1954
474
354
1988
1150
974
865
721
1866
1503
190
151
23
363
649
540
1274
70
617
27
1898
20
8
708
759
106
431
1882
649
1323
1930
4
143
1366
1584
883
245
711
74
148
1931
262
884
1779
478
1325
83
559
1278
1813
690
1534
989
811
1636
705
38
1850
90
1017
1076
404
766
352